     0/299     1.19G    0.1001  0.009042   0.01884     0.128        86       320  0.002209   0.06027 0.0008187 1.402e-05 0.0001628   0.05705   0.01096    0.0143
     1/299     2.66G   0.06842    0.0093   0.01743   0.09516        69       320   0.04122    0.2093  0.009502 0.0002116  0.002218   0.05738   0.01073   0.01243
     2/299     2.66G   0.06466  0.007373   0.01442   0.08645        63       320    0.7614    0.2824    0.2638   0.01105   0.06754   0.04877  0.007163   0.01396
     3/299     2.66G   0.05969  0.007028   0.01127   0.07798        91       320    0.2402    0.2239    0.1452  0.008679   0.04213   0.04455  0.007869   0.02394
     4/299     2.66G   0.05868  0.006638  0.008242   0.07356        83       320    0.6291    0.5047     0.485    0.0322     0.146   0.03724  0.006002  0.002593
     5/299     2.66G   0.05816  0.006474  0.007929   0.07256        83       320    0.6095    0.4821    0.4482   0.02032    0.1262   0.03958   0.00571  0.004079
     6/299     2.66G    0.0556  0.006183  0.006432   0.06821        87       320    0.2832    0.3477    0.1952  0.007606   0.05235   0.04168    0.0063   0.03602
     7/299     2.66G   0.05609  0.006228  0.006873   0.06919        89       320    0.6231    0.4934     0.511    0.0371    0.1569   0.03714  0.005897  0.005336
     8/299     2.66G    0.0542  0.006055  0.005086   0.06534        82       320    0.1866   0.09586   0.03328  0.001443  0.008049   0.04985   0.01055   0.08417
     9/299     2.66G   0.05413  0.005968  0.004924   0.06502        85       320    0.6389    0.5252    0.4696   0.03255    0.1377   0.03683  0.005487  0.001394
    10/299     2.66G   0.05336   0.00591  0.004992   0.06426        97       320    0.7377    0.5765    0.5689    0.0576    0.1839    0.0352  0.005435  0.002316
    11/299     2.66G   0.05279  0.005887  0.004353   0.06303        74       320    0.7588     0.558    0.5847   0.05526    0.1895   0.03485  0.005608  0.002459
    12/299     2.66G    0.0525   0.00586  0.004433   0.06279        79       320    0.7436    0.5943    0.5821   0.04992    0.1831   0.03447  0.005455  0.001897
    13/299     2.66G   0.05155  0.005782  0.004457   0.06179        84       320    0.7541    0.5969    0.5717   0.05486    0.1829   0.03488  0.005485  0.001875
    14/299     2.66G   0.05246  0.005896  0.004841    0.0632        91       320    0.4764    0.3973    0.3335   0.02424   0.09755   0.03869  0.006264  0.009162
    15/299     2.66G   0.05143  0.005809  0.004329   0.06156        83       320    0.7856    0.6234    0.6136   0.06895    0.2001   0.03372  0.005198  0.001133
    16/299     2.66G    0.0509  0.005767  0.004005   0.06067        91       320    0.7934    0.6148    0.6269    0.0695     0.209   0.03331  0.005234  0.001454
    17/299     2.66G   0.05103  0.005681  0.004201   0.06091        74       320    0.7026     0.571     0.542   0.05911    0.1763    0.0345  0.005367  0.002397
    18/299     2.66G   0.05088  0.005614  0.003498   0.05999        81       320    0.7875    0.6387    0.6171   0.06432    0.2036   0.03287  0.005188 0.0009731
    19/299     2.66G   0.05112  0.005638  0.003503   0.06026        89       320    0.7834    0.6468     0.636   0.07917    0.2199   0.03265  0.005244  0.001293
    20/299     2.66G   0.04997   0.00559  0.004077   0.05964        92       320     0.758    0.6133    0.5907   0.06746    0.1948   0.03314  0.005177  0.001375
    21/299     2.66G    0.0508  0.005742   0.00396    0.0605        94       320    0.7824    0.6383     0.629   0.08659    0.2188    0.0323  0.005159  0.001217
    22/299     2.66G   0.04984  0.005522  0.003089   0.05845        83       320    0.7821    0.6381    0.6214   0.08258    0.2135   0.03212  0.005066 0.0008415
    23/299     2.66G   0.04982  0.005563  0.003279   0.05866        78       320    0.7961    0.6542    0.6523   0.08831    0.2319   0.03154  0.005093 0.0008464
    24/299     2.66G    0.0497  0.005658  0.003839    0.0592       103       320     0.796    0.6602    0.6534   0.09275     0.232   0.03152  0.005005 0.0008949
    25/299     2.66G   0.04929  0.005561  0.003906   0.05875        94       320    0.8186    0.6779     0.687   0.09489    0.2484   0.03095  0.005063  0.001177
    26/299     2.66G   0.04916  0.005403  0.003164   0.05773        75       320    0.8204    0.6712    0.6865    0.1005    0.2483   0.03077  0.004985  0.001505
    27/299     2.66G   0.05021  0.005389  0.003288   0.05889        85       320    0.8356    0.7033    0.7051    0.1109    0.2625   0.03018  0.004903 0.0009399
    28/299     2.66G   0.04861  0.005346  0.003282   0.05723        88       320     0.843     0.701    0.6994    0.1082    0.2584   0.03025  0.004882  0.001094
    29/299     2.66G   0.04846  0.005293  0.003239   0.05699        85       320     0.836    0.6925    0.6903     0.113    0.2541   0.03062  0.004838 0.0008938
    30/299     2.66G   0.04856  0.005297  0.003441    0.0573        79       320    0.8396    0.7004    0.7062     0.118    0.2662   0.03019  0.004825 0.0008523
    31/299     2.66G   0.04705  0.005258  0.002907   0.05522        80       320    0.8454    0.7004    0.7026    0.1204    0.2635   0.03013  0.004794 0.0009778
    32/299     2.66G   0.04758  0.005193  0.002791   0.05556        79       320    0.8537    0.7113    0.7181    0.1258    0.2715   0.02972  0.004744 0.0009647
    33/299     2.66G   0.04797  0.005265  0.003698   0.05694        82       320    0.8433    0.6979    0.7081    0.1181    0.2648   0.02991  0.004785  0.001278
    34/299     2.66G   0.04755  0.005216  0.003091   0.05586        79       320    0.8242    0.6899     0.685    0.1123    0.2507   0.03018  0.004749  0.001042
    35/299     2.66G   0.04692  0.005125  0.002979   0.05503        71       320    0.8237    0.7048    0.6955    0.1203    0.2607   0.02973  0.004721 0.0008588
    36/299     2.66G   0.04759  0.005081  0.002763   0.05544        89       320    0.8395    0.6987    0.7008    0.1179    0.2572   0.02982  0.004706 0.0009786
    37/299     2.66G   0.04704  0.005038  0.002712   0.05479        86       320    0.8415    0.7036    0.7062    0.1235    0.2619   0.02963  0.004679   0.00093
    38/299     2.66G   0.04795  0.005139   0.00316   0.05625        82       320    0.8367    0.7146    0.7157    0.1279    0.2681    0.0294  0.004665  0.001001
    39/299     2.66G   0.04691  0.004989  0.002354   0.05425       101       320    0.8411    0.7171    0.7162    0.1276    0.2692   0.02932  0.004627 0.0009601
    40/299     2.66G   0.04706  0.004977  0.002293   0.05433        80       320    0.8439    0.7173    0.7153    0.1277    0.2673   0.02935   0.00459 0.0008753
    41/299     2.66G   0.04587  0.004873  0.002016   0.05276        89       320     0.847    0.7248    0.7227    0.1322    0.2738   0.02914  0.004563 0.0008401
    42/299     2.66G    0.0467  0.004954  0.002534   0.05418        79       320     0.846     0.731    0.7294    0.1305    0.2759   0.02901  0.004552 0.0008269
    43/299     2.66G   0.04632  0.004901  0.002119   0.05334        72       320    0.8488    0.7339    0.7301    0.1323    0.2775   0.02892   0.00454 0.0008049
    44/299     2.66G   0.04578  0.004852  0.001912   0.05255        85       320    0.8508    0.7378    0.7348    0.1369    0.2826   0.02876  0.004524 0.0007843
    45/299     2.66G   0.04634  0.004907  0.002453    0.0537        85       320    0.8457    0.7468    0.7402    0.1406    0.2857   0.02867  0.004516  0.000799
    46/299     2.66G   0.04749  0.004967  0.002963   0.05542        92       320    0.8447    0.7481    0.7407     0.141    0.2872   0.02864  0.004512 0.0008022
    47/299     2.66G   0.04531  0.004881  0.002198   0.05239        83       320    0.8448    0.7482    0.7414    0.1434    0.2888   0.02858  0.004503 0.0008128
    48/299     2.66G   0.04726  0.005018  0.002807   0.05509        83       320    0.8498    0.7497    0.7456    0.1468     0.291   0.02851  0.004496 0.0008374
    49/299     2.66G   0.04593  0.004908  0.002631   0.05347        88       320     0.864    0.7413    0.7473    0.1463    0.2906   0.02849  0.004495  0.000835
    50/299     2.66G   0.04641  0.004849  0.002664   0.05393       102       320    0.8452     0.752    0.7454    0.1447    0.2893   0.02852  0.004493 0.0008147
    51/299     2.66G   0.04531  0.004757  0.001759   0.05182        77       320      0.85    0.7535    0.7491    0.1461    0.2914   0.02847  0.004485 0.0007796
    52/299     2.66G   0.04577  0.004836  0.002348   0.05295        59       320      0.85    0.7552    0.7501    0.1469    0.2925   0.02844  0.004481  0.000737
    53/299     2.66G   0.04623  0.004982  0.002477   0.05369        91       320    0.8508    0.7523    0.7495    0.1474    0.2921   0.02846  0.004494 0.0007513
    54/299     2.66G    0.0459  0.004885  0.002963   0.05375        72       320    0.8502    0.7531    0.7488    0.1476    0.2915   0.02847  0.004495 0.0007528
    55/299     2.66G   0.04565  0.004846  0.002119   0.05262        88       320    0.8567    0.7486    0.7488    0.1457    0.2915   0.02848  0.004496 0.0007618
    56/299     2.66G   0.04589  0.004745  0.001858    0.0525        70       320    0.8495     0.755    0.7505    0.1456    0.2914   0.02849  0.004494 0.0007652
    57/299     2.66G    0.0445  0.004767   0.00166   0.05093        79       320    0.8601    0.7497    0.7528     0.146    0.2922   0.02848  0.004492 0.0007625
    58/299     2.66G   0.04543  0.004726  0.001925   0.05209        71       320    0.8549    0.7538    0.7532     0.147    0.2927   0.02846  0.004491 0.0007511
    59/299     2.66G   0.04631  0.004955   0.00351   0.05477        86       320    0.8503    0.7541    0.7521    0.1448    0.2914    0.0285  0.004497 0.0007676
    60/299     2.66G   0.04559  0.004889  0.002463   0.05295        85       320    0.8639    0.7438     0.748    0.1451     0.289   0.02856  0.004505 0.0007947
    61/299     2.66G   0.04445  0.004703  0.001632   0.05079        86       320    0.8616    0.7434    0.7446    0.1417    0.2867   0.02863  0.004506 0.0007993
    62/299     2.66G   0.04456  0.004649  0.002018   0.05123        84       320    0.8602    0.7455    0.7467    0.1409    0.2868   0.02865  0.004507 0.0007957
    63/299     2.66G   0.04529  0.004728  0.002055   0.05208        86       320    0.8665    0.7417    0.7478    0.1398    0.2859   0.02868  0.004507 0.0007902
    64/299     2.66G   0.04482  0.004695  0.001888    0.0514        78       320    0.8694    0.7401    0.7482    0.1395    0.2857   0.02869  0.004505 0.0007805
    65/299     2.66G   0.04505   0.00471  0.002059   0.05182        91       320    0.8612    0.7452    0.7471    0.1375    0.2848   0.02871  0.004501 0.0007761
    66/299     2.66G   0.04416  0.004629  0.001364   0.05015       101       320    0.8588    0.7464    0.7459    0.1374    0.2843   0.02873  0.004496 0.0007705
    67/299     2.66G   0.04515  0.004721  0.001899   0.05177        75       320    0.8595    0.7448    0.7445    0.1357    0.2835   0.02873  0.004493 0.0007568
    68/299     2.66G   0.04446  0.004662  0.002001   0.05112        85       320    0.8621    0.7424    0.7433    0.1334     0.282   0.02875   0.00449 0.0007337
    69/299     2.66G   0.04471  0.004678  0.002365   0.05175        92       320    0.8659    0.7421    0.7452    0.1341    0.2825   0.02872  0.004485 0.0007181
    70/299     2.66G   0.04513  0.004578  0.001449   0.05115        78       320     0.868    0.7411    0.7455    0.1342    0.2823   0.02872  0.004481 0.0007086
    71/299     2.66G   0.04451   0.00461  0.001654   0.05077       102       320     0.861    0.7451    0.7446    0.1346    0.2817   0.02872  0.004477 0.0007003
    72/299     2.66G   0.04482  0.004594  0.001713   0.05113        78       320    0.8607    0.7467    0.7443    0.1334    0.2812   0.02872  0.004475  0.000689
    73/299     2.66G   0.04478  0.004672  0.002282   0.05173        84       320    0.8615    0.7465    0.7434    0.1332    0.2807   0.02873  0.004475 0.0006796
    74/299     2.66G   0.04463  0.004629  0.001572   0.05083        65       320    0.8603    0.7446    0.7422    0.1333    0.2795   0.02876  0.004474 0.0006682
    75/299     2.66G   0.04328  0.004547  0.001539   0.04937        82       320    0.8654    0.7426    0.7435    0.1312    0.2791   0.02877   0.00447 0.0006537
    76/299     2.66G    0.0446  0.004776  0.002504   0.05188        81       320    0.8613    0.7373    0.7362    0.1263    0.2718   0.02894  0.004482 0.0006722
    77/299     2.66G   0.04892  0.005401   0.00652   0.06084        90       320    0.8381    0.6937    0.6911    0.1074    0.2472   0.02986  0.004691  0.001237
    78/299     2.66G   0.04746  0.005238  0.005274   0.05797        82       320    0.8119    0.6631    0.6532   0.09124    0.2307   0.03054  0.004949   0.00183
    79/299     2.66G   0.04589  0.004934  0.003224   0.05405        84       320    0.8067    0.6407    0.6362   0.08632    0.2225   0.03092  0.005104  0.002107
    80/299     2.66G   0.04548  0.004955  0.003633   0.05407        61       320    0.7721    0.6392    0.6216   0.07973    0.2162   0.03118  0.005202  0.002239
    81/299     2.66G   0.04521   0.00488  0.003479   0.05357        68       320     0.766    0.6283    0.6123   0.07674    0.2114   0.03137  0.005265   0.00234
    82/299     2.66G    0.0445  0.004744  0.002115   0.05136        72       320    0.7609    0.6195    0.6042   0.07203    0.2067   0.03155  0.005298  0.002429
    83/299     2.66G   0.04421  0.004735  0.002616   0.05156        83       320    0.7561    0.6152       0.6   0.07004    0.2027   0.03168  0.005305   0.00248
    84/299     2.66G   0.04536  0.004672   0.00219   0.05223        85       320     0.741    0.6179     0.596   0.06667    0.1987   0.03182  0.005298  0.002542
    85/299     2.66G   0.04437  0.004638  0.001897   0.05091        83       320    0.7359    0.6148    0.5915   0.06396    0.1945   0.03198  0.005301  0.002655
    86/299     2.66G   0.04444  0.004598  0.001666   0.05071        76       320    0.7268     0.597    0.5781   0.05778    0.1869   0.03224  0.005355  0.002963
    87/299     2.66G    0.0447  0.004609  0.001539   0.05085        89       320    0.7213    0.5959    0.5753   0.05569    0.1843   0.03233  0.005353  0.003053
    88/299     2.66G   0.04461  0.004614  0.001915   0.05114        84       320    0.7183    0.5968    0.5748   0.05594    0.1836   0.03236  0.005336  0.003075
    89/299     2.66G   0.04468   0.00463  0.002015   0.05133        73       320    0.7052    0.6038    0.5727   0.05449    0.1819   0.03239  0.005313  0.003077
    90/299     2.66G   0.04652  0.005015  0.003768    0.0553        71       320    0.5925    0.5112    0.4706   0.03316    0.1379   0.03417  0.005461  0.008225
    91/299     2.66G   0.04653  0.005011  0.003401   0.05495        83       320    0.5058    0.5217    0.4209   0.02847    0.1205   0.03503  0.005543    0.0125
    92/299     2.66G   0.04489  0.004723  0.001961   0.05158        82       320    0.4906    0.5098    0.3977   0.02774    0.1132   0.03539  0.005566   0.01469
    93/299     2.66G   0.04383  0.004577  0.001628   0.05004        76       320    0.4847    0.5008    0.3872    0.0264    0.1097   0.03557  0.005569   0.01585
    94/299     2.66G   0.04508  0.004952  0.003256   0.05329        71       320    0.4681    0.5049    0.3789   0.02543    0.1075   0.03566  0.005574   0.01753
    95/299     2.66G   0.04382  0.004644  0.002401   0.05086        69       320    0.4661    0.5034    0.3777   0.02505    0.1069   0.03568  0.005559   0.01818
    96/299     2.66G   0.04399  0.004585  0.001626    0.0502        84       320     0.464     0.506    0.3774    0.0248    0.1066   0.03567  0.005535   0.01827
    97/299     2.66G   0.04433  0.004596  0.001723   0.05064        71       320    0.4664    0.5017    0.3772    0.0252    0.1065   0.03566  0.005507   0.01805
    98/299     2.66G   0.04398  0.004603  0.002006   0.05059        68       320    0.4636    0.5075    0.3795   0.02555     0.107   0.03562  0.005475   0.01764
    99/299     2.66G   0.04295  0.004452  0.001397    0.0488        74       320    0.4765    0.4998     0.383   0.02569    0.1081   0.03552  0.005442   0.01677
   100/299     2.66G   0.04339  0.004553   0.00224   0.05019        95       320    0.4832    0.4992    0.3892   0.02715    0.1101   0.03542  0.005415   0.01608
   101/299     2.66G   0.04322  0.004559   0.00175   0.04953        81       320     0.481     0.511    0.3972   0.02757    0.1128   0.03528  0.005386   0.01507
   102/299     2.66G   0.04346  0.004506  0.001319   0.04928        95       320    0.4918    0.5112    0.4059   0.02866    0.1152   0.03513  0.005349   0.01397
   103/299     2.66G   0.04386  0.004792  0.003157   0.05181        63       320    0.5099    0.5127    0.4188   0.02955    0.1189   0.03493   0.00532   0.01274
   104/299     2.66G   0.04368  0.004646  0.001941   0.05026        81       320     0.502    0.5433    0.4348   0.03012    0.1234   0.03472  0.005285   0.01142
   105/299     2.66G   0.04414  0.004581  0.001642   0.05036        88       320    0.5199    0.5455    0.4485   0.03095    0.1281   0.03447  0.005249   0.01016
   106/299     2.66G   0.04331   0.00453  0.001603   0.04944        81       320     0.553    0.5354    0.4648   0.03189    0.1341   0.03419  0.005215  0.008955
   107/299     2.66G   0.04347  0.004658  0.002148   0.05027        89       320    0.5921    0.5238    0.4812    0.0341     0.139   0.03394  0.005177  0.007864
   108/299     2.66G   0.04337  0.004534  0.001602   0.04951        82       320    0.5891    0.5502    0.4939   0.03632    0.1446   0.03368  0.005145  0.006988
   109/299     2.66G    0.0436  0.004529  0.001354   0.04949        78       320    0.6119    0.5509    0.5045   0.03782     0.149   0.03347  0.005107   0.00627
   110/299     2.66G   0.04276  0.004551  0.001317   0.04863        73       320    0.6312    0.5592    0.5176   0.03925    0.1541   0.03322  0.005074  0.005507
   111/299     2.66G   0.04293  0.004468  0.001123   0.04853        89       320    0.6428    0.5716    0.5272   0.04094    0.1578     0.033  0.005039  0.004871
   112/299     2.66G   0.04241  0.004449  0.001194   0.04806        86       320    0.6612    0.5743    0.5371   0.04348    0.1619   0.03279  0.005005  0.004332
   113/299     2.66G   0.04484  0.004877  0.003832   0.05355        78       320    0.6717    0.5875    0.5516    0.0465    0.1675   0.03253  0.005008  0.004008
   114/299     2.66G   0.04365   0.00463  0.002181   0.05046        81       320     0.694    0.5886    0.5604   0.04868    0.1709   0.03236  0.004978  0.003602
   115/299     2.66G   0.04333  0.004564  0.001722   0.04962        86       320    0.7125    0.5917    0.5684   0.04924    0.1737   0.03222  0.004951  0.003238
   116/299     2.66G   0.04309  0.004439  0.001422   0.04895        91       320    0.7257    0.5965    0.5732   0.05161    0.1765   0.03208  0.004919  0.002873
   117/299     2.66G   0.04407    0.0047  0.002725    0.0515       105       320     0.749    0.5978    0.5801   0.05413    0.1815   0.03186  0.004888  0.002507
   118/299     2.66G   0.04388  0.004481  0.001705   0.05007        76       320    0.7393    0.6184    0.5861   0.05631    0.1844   0.03168  0.004859  0.002311
   119/299     2.66G    0.0439  0.004636  0.002513   0.05105        79       320    0.7464    0.6278    0.5941    0.0589    0.1894   0.03147   0.00483  0.002161
   120/299     2.66G   0.04324  0.004529  0.001398   0.04917        70       320    0.7569    0.6378    0.6043   0.06324    0.1947   0.03127  0.004803     0.002
   121/299     2.66G   0.04224   0.00446  0.001514   0.04821        86       320    0.7695    0.6408     0.611   0.06505    0.1987   0.03107  0.004773  0.001851
   122/299     2.66G   0.04337  0.004534  0.001804   0.04971        91       320     0.774    0.6476     0.617   0.06708    0.2027    0.0309  0.004745  0.001691
   123/299     2.66G   0.04454  0.004835  0.002948   0.05232        82       320    0.7747    0.6475    0.6188   0.06745    0.2027   0.03089  0.004733  0.001728
   124/299     2.66G   0.04233  0.004556  0.001457   0.04835        80       320    0.7859    0.6412    0.6223    0.0673    0.2046   0.03081  0.004724  0.001813
   125/299     2.66G   0.04458  0.004947  0.003972    0.0535        97       320    0.7835    0.6426    0.6226   0.06906    0.2057   0.03077  0.004725  0.001823
   126/299     2.66G   0.04465  0.004831  0.003023   0.05251        86       320     0.756    0.6549    0.6182   0.06834    0.2059   0.03072  0.004757  0.001933
   127/299     2.66G   0.04434  0.004599  0.002196   0.05114        85       320     0.762    0.6477    0.6166   0.06877     0.206   0.03069  0.004787  0.002017
   128/299     2.66G   0.04416  0.004712  0.001958   0.05083        82       320    0.7609    0.6475    0.6163   0.07005    0.2077   0.03059  0.004802  0.001974
   129/299     2.66G   0.04321  0.004679  0.001985   0.04988        86       320    0.7705     0.647    0.6208   0.07241    0.2097   0.03053  0.004798  0.001889
   130/299     2.66G   0.04271  0.004509  0.001884   0.04911        94       320    0.7746    0.6502    0.6235   0.07476    0.2115   0.03047  0.004783  0.001797
   131/299     2.66G   0.04286  0.004572  0.001635   0.04907        83       320    0.7755    0.6522    0.6258   0.07445    0.2132   0.03039  0.004776  0.001756
   132/299     2.66G   0.04225  0.004505  0.001359   0.04811        86       320    0.7669    0.6565    0.6264   0.07617    0.2148   0.03034  0.004779  0.001814
   133/299     2.66G   0.04084  0.004408  0.001141   0.04638        93       320     0.775    0.6566    0.6311   0.07817    0.2175   0.03025  0.004771  0.001778
   134/299     2.66G   0.04274  0.004414  0.001032   0.04818        80       320    0.7793    0.6616    0.6366   0.08063    0.2199   0.03014  0.004756  0.001705
   135/299     2.66G   0.04153  0.004391    0.0012   0.04712        85       320    0.7799    0.6659    0.6392   0.08324    0.2223   0.03003  0.004736  0.001618
   136/299     2.66G   0.04192  0.004463  0.001511    0.0479        68       320    0.7944    0.6633    0.6444   0.08486    0.2249   0.02993  0.004716   0.00152
   137/299     2.66G   0.04234  0.004442  0.001269   0.04805        87       320    0.7974    0.6667    0.6475   0.08602     0.227   0.02987  0.004699  0.001452
   138/299     2.66G   0.04173   0.00436 0.0009898   0.04708        62       320    0.7994    0.6709    0.6509   0.08781    0.2287   0.02979  0.004679  0.001364
   139/299     2.66G   0.04163  0.004379  0.001179   0.04719        84       320     0.808     0.675    0.6578   0.09005    0.2316   0.02967  0.004658  0.001278
   140/299     2.66G   0.04164  0.004379   0.00111   0.04713        87       320    0.8177     0.675    0.6619   0.09085    0.2338   0.02957  0.004637  0.001183
   141/299     2.66G   0.04158  0.004317 0.0009809   0.04687        85       320    0.8193    0.6787    0.6654   0.09199    0.2355   0.02949  0.004619  0.001108
   142/299     2.66G   0.04098  0.004304 0.0009233    0.0462        89       320    0.8056    0.6939    0.6683    0.0943    0.2373    0.0294  0.004598  0.001042
   143/299     2.66G   0.04192  0.004317  0.000884   0.04712        68       320    0.8207    0.6921     0.673   0.09652    0.2398    0.0293  0.004577 0.0009781
   144/299     2.66G   0.04253  0.004639  0.002573   0.04974        74       320    0.8248    0.6927    0.6749   0.09883    0.2419   0.02922  0.004561  0.000906
   145/299     2.66G   0.04129   0.00449  0.001562   0.04735        84       320    0.8294    0.6949    0.6801    0.1018    0.2442   0.02914  0.004545 0.0008605
   146/299     2.66G   0.04166  0.004321  0.001096   0.04708        85       320    0.8334    0.6985    0.6849    0.1033    0.2466   0.02905  0.004528  0.000814
   147/299     2.66G   0.04145  0.004406  0.001494   0.04735        89       320    0.8334     0.704    0.6896     0.104    0.2488   0.02893  0.004507 0.0007559
   148/299     2.66G    0.0437  0.004485  0.002061   0.05024        74       320    0.8312    0.7123    0.6961     0.108    0.2516    0.0288  0.004487 0.0006993
   149/299     2.66G   0.04446  0.004825  0.002777   0.05207        89       320    0.8397    0.7016    0.6937     0.109    0.2512   0.02882  0.004517 0.0007844
   150/299     2.66G   0.04402  0.004742  0.002699   0.05146        85       320    0.8217       0.7    0.6826    0.1064    0.2461   0.02899  0.004563 0.0009421
   151/299     2.66G   0.04296  0.004662  0.002354   0.04997        80       320    0.8242    0.6945    0.6807    0.1071    0.2466   0.02899  0.004568  0.001011
   152/299     2.66G   0.04179  0.004522  0.001462   0.04778        79       320    0.8251    0.6965    0.6841    0.1073    0.2472   0.02898  0.004566  0.001052
   153/299     2.66G   0.04178  0.004419  0.001408   0.04761        85       320    0.8213       0.7    0.6848    0.1074    0.2473   0.02897  0.004559  0.001062
   154/299     2.66G   0.04328  0.004581   0.00314     0.051        67       320    0.8273    0.6889    0.6792    0.1043    0.2441   0.02907  0.004573  0.001189
   155/299     2.66G   0.04216  0.004553  0.002064   0.04878        75       320    0.8181    0.6882    0.6759    0.1018    0.2419   0.02917  0.004579  0.001272
   156/299     2.66G   0.04171  0.004468  0.001734   0.04792        85       320    0.8149     0.695    0.6802    0.1031    0.2433   0.02913  0.004572  0.001295
   157/299     2.66G   0.04205   0.00443  0.001689   0.04817       100       320    0.8218    0.6946     0.683    0.1037    0.2446   0.02909  0.004558  0.001268
   158/299     2.66G   0.04147  0.004412   0.00122    0.0471        94       320    0.8259    0.6977    0.6877    0.1056    0.2466   0.02901  0.004543  0.001201
   159/299     2.66G   0.04163  0.004362  0.001254   0.04725        81       320    0.8194    0.7052    0.6892    0.1064    0.2478   0.02896   0.00453  0.001155
   160/299     2.66G   0.04086  0.004315  0.001081   0.04625        97       320    0.8224     0.708     0.692    0.1074    0.2494   0.02889  0.004514  0.001095
   161/299     2.66G   0.04134  0.004307 0.0009398   0.04659        93       320    0.8273    0.7086    0.6946    0.1082    0.2512   0.02881  0.004499  0.001037
   162/299     2.66G   0.04055  0.004274  0.000964   0.04579        79       320    0.8333     0.709    0.6983    0.1106    0.2532   0.02874  0.004484 0.0009943
   163/299     2.66G   0.04117  0.004303 0.0009909   0.04647        76       320      0.83    0.7157    0.7015    0.1121    0.2552   0.02865   0.00447 0.0009363
   164/299     2.66G   0.04039  0.004284 0.0009374   0.04561        71       320    0.8357    0.7194    0.7066    0.1139    0.2578   0.02856  0.004453 0.0008847
   165/299     2.66G   0.04145  0.004414  0.001826   0.04769        83       320    0.8395    0.7251    0.7133    0.1169    0.2612   0.02842  0.004437 0.0008253
   166/299     2.66G   0.04117  0.004365   0.00186    0.0474        77       320    0.8441    0.7321    0.7239    0.1204    0.2661   0.02827  0.004422 0.0007638
   167/299     2.66G   0.04143  0.004595  0.002103   0.04812        74       320    0.8453    0.7389    0.7294    0.1221     0.269   0.02816  0.004415 0.0007306
   168/299     2.66G   0.04296  0.004716  0.003323     0.051        92       320    0.8511    0.7406    0.7345     0.125    0.2727   0.02807  0.004409 0.0007115
   169/299     2.66G   0.04229  0.004611  0.001942   0.04885        73       320    0.8552    0.7341    0.7313    0.1226    0.2704   0.02818  0.004411  0.000727
   170/299     2.66G   0.04183   0.00445    0.0014   0.04768        89       320    0.8547    0.7351    0.7296    0.1221    0.2695   0.02824  0.004404 0.0007029
   171/299     2.66G     0.041  0.004386  0.001204   0.04659        94       320     0.854    0.7372    0.7291    0.1205    0.2688   0.02828  0.004394  0.000671
   172/299     2.66G   0.04062  0.004292 0.0009502   0.04586        80       320    0.8503    0.7396    0.7275    0.1199    0.2679   0.02828  0.004382 0.0006344
   173/299     2.66G   0.04224  0.004475  0.001917   0.04863        67       320    0.8468    0.7376     0.722    0.1181    0.2656   0.02836  0.004374 0.0006112
   174/299     2.66G    0.0409  0.004436  0.001729   0.04707        82       320    0.8473    0.7358    0.7184    0.1183    0.2638   0.02838  0.004363 0.0005865
   175/299     2.66G   0.04022  0.004346  0.001307   0.04587        78       320    0.8475    0.7373    0.7198    0.1176    0.2642   0.02834  0.004352 0.0005667
   176/299     2.66G    0.0401  0.004286 0.0009156    0.0453        66       320    0.8499    0.7389    0.7228    0.1198    0.2656   0.02828   0.00434 0.0005401
   177/299     2.66G   0.04087  0.004434  0.001769   0.04707        81       320    0.8532    0.7409     0.727    0.1222    0.2678   0.02819  0.004329 0.0005343
   178/299     2.66G    0.0409  0.004352  0.001283   0.04653        98       320    0.8532    0.7445      0.73    0.1268    0.2709   0.02809  0.004318 0.0005273
   179/299     2.66G    0.0403  0.004276 0.0008802   0.04545        66       320    0.8565     0.748    0.7365    0.1315    0.2745   0.02798  0.004303 0.0005031
   180/299     2.66G   0.04041  0.004236 0.0008928   0.04554        68       320    0.8504    0.7582    0.7411    0.1347    0.2773   0.02787  0.004288 0.0004811
   181/299     2.66G   0.04068  0.004339   0.00132   0.04634        82       320    0.8608    0.7533    0.7431    0.1352    0.2784   0.02783  0.004277 0.0004501
   182/299     2.66G   0.04043  0.004257 0.0009655   0.04565        95       320    0.8487    0.7647    0.7455    0.1358    0.2792   0.02782   0.00427 0.0004307
   183/299     2.66G   0.04023  0.004304  0.001263    0.0458        68       320    0.8546     0.765    0.7483    0.1369    0.2802   0.02777  0.004259 0.0004124
   184/299     2.66G   0.04097   0.00442  0.001447   0.04684        81       320     0.858    0.7655    0.7498    0.1387    0.2814    0.0277  0.004249 0.0003939
   185/299     2.66G   0.04055  0.004291 0.0008888   0.04573        79       320    0.8605    0.7662    0.7518    0.1404    0.2834   0.02762  0.004237 0.0003773
   186/299     2.66G   0.03929  0.004246 0.0008668    0.0444        77       320    0.8631     0.769    0.7557    0.1428    0.2855   0.02753  0.004224 0.0003632
   187/299     2.66G   0.03962  0.004216 0.0009195   0.04476        85       320    0.8629    0.7717    0.7575    0.1434    0.2873   0.02744  0.004212 0.0003482
   188/299     2.66G   0.04041  0.004345  0.002129   0.04688        75       320    0.8652    0.7759    0.7625    0.1463    0.2898   0.02736  0.004201 0.0003367
   189/299     2.66G   0.04224  0.004549  0.002323   0.04911        89       320    0.8651    0.7792    0.7644    0.1505    0.2919   0.02729    0.0042 0.0003355
   190/299     2.66G   0.04014  0.004313  0.001077   0.04553        73       320    0.8685    0.7794    0.7659    0.1527    0.2936   0.02722  0.004193  0.000332
   191/299     2.66G   0.03988  0.004254  0.001088   0.04522        71       320    0.8692    0.7833    0.7696    0.1552    0.2958   0.02715  0.004185 0.0003247
   192/299     2.66G   0.03966  0.004264 0.0008801    0.0448        75       320    0.8711    0.7843    0.7727    0.1583    0.2977   0.02707  0.004175 0.0003185
   193/299     2.66G   0.03927  0.004249 0.0008336   0.04436        65       320     0.869    0.7877    0.7743    0.1613    0.3001   0.02699  0.004164 0.0003117
   194/299     2.66G   0.03957  0.004171 0.0007957   0.04453        72       320    0.8726    0.7884    0.7771    0.1619    0.3017   0.02691  0.004155  0.000305
   195/299     2.66G   0.03948  0.004238  0.001311   0.04503        84       320    0.8728    0.7913    0.7807    0.1645    0.3043   0.02685  0.004144 0.0003018
   196/299     2.66G   0.03987  0.004237 0.0009143   0.04502        80       320    0.8713    0.7969    0.7845    0.1683    0.3062   0.02677  0.004134 0.0002978
   197/299     2.66G   0.03932  0.004165 0.0007764   0.04426        96       320    0.8726     0.799    0.7881    0.1699    0.3085   0.02669  0.004123 0.0002924
   198/299     2.66G    0.0401  0.004188  0.000792   0.04509        80       320    0.8742    0.7997    0.7894    0.1716    0.3104   0.02661  0.004112 0.0002886
   199/299     2.66G   0.03925  0.004209 0.0007337   0.04419        73       320    0.8808    0.7989    0.7934    0.1759    0.3134   0.02651    0.0041 0.0002829
   200/299     2.66G   0.03903  0.004154 0.0007169    0.0439        84       320    0.8841    0.8009    0.7969    0.1787    0.3156   0.02643  0.004088 0.0002788
   201/299     2.66G   0.03858  0.004143 0.0006788    0.0434        94       320    0.8858    0.8032    0.7997     0.182    0.3182   0.02635  0.004076  0.000273
   202/299     2.66G   0.03869  0.004132 0.0006977   0.04352        75       320    0.8877    0.8034    0.8022    0.1866    0.3216   0.02625  0.004064 0.0002678
   203/299     2.66G   0.03823  0.004133 0.0006832   0.04305        92       320     0.883    0.8103    0.8056      0.19    0.3242   0.02618  0.004053 0.0002636
   204/299     2.66G   0.03923   0.00418 0.0008614   0.04427       103       320    0.8887    0.8098    0.8089    0.1956    0.3273   0.02607  0.004042 0.0002616
   205/299     2.66G   0.03917  0.004183  0.001152    0.0445        76       320    0.8888    0.8128    0.8122       0.2    0.3296   0.02601  0.004033 0.0002616
   206/299     2.66G   0.03867  0.004172 0.0009515   0.04379        68       320    0.8898    0.8143    0.8145    0.2039    0.3317   0.02594  0.004024   0.00026
   207/299     2.66G   0.04353  0.004902  0.005006   0.05343        90       320    0.8875      0.81    0.8095    0.1964    0.3274   0.02605  0.004036  0.000272
   208/299     2.66G   0.04072  0.004438  0.001696   0.04685        85       320    0.8893    0.8096    0.8116    0.2002    0.3293     0.026  0.004036  0.000275
   209/299     2.66G   0.03967  0.004306  0.001213   0.04519        81       320    0.8875    0.8131    0.8136    0.2036    0.3317   0.02594  0.004033 0.0002732
   210/299     2.66G   0.03989  0.004226 0.0009649   0.04508        66       320    0.8921    0.8115    0.8154    0.2055    0.3341   0.02589  0.004026 0.0002692
   211/299     2.66G   0.03819  0.004169 0.0008243   0.04318        65       320    0.8887    0.8157    0.8172    0.2084    0.3356   0.02583  0.004018 0.0002652
   212/299     2.66G   0.03925  0.004218 0.0007804   0.04425        72       320    0.8922    0.8151    0.8193    0.2124    0.3376   0.02577  0.004009 0.0002627
   213/299     2.66G   0.03846  0.004161 0.0007984   0.04342        84       320    0.8866    0.8215     0.821    0.2162    0.3404   0.02569     0.004 0.0002592
   214/299     2.66G   0.03869  0.004169 0.0008089   0.04366        97       320    0.8902    0.8225    0.8244    0.2179    0.3432   0.02561  0.003991 0.0002561
   215/299     2.66G    0.0383  0.004127 0.0006866   0.04312        77       320    0.8916    0.8237    0.8259    0.2206    0.3453   0.02555  0.003981 0.0002519
   216/299     2.66G   0.03865  0.004125 0.0007179   0.04349        69       320    0.8917    0.8262    0.8273    0.2249    0.3479   0.02549  0.003971 0.0002461
   217/299     2.66G   0.03777   0.00417 0.0006787   0.04261        87       320    0.8942    0.8279    0.8297    0.2268    0.3497   0.02543  0.003962 0.0002415
   218/299     2.66G   0.03816  0.004118 0.0007949   0.04308        84       320    0.8946      0.83    0.8316    0.2265    0.3513   0.02536  0.003953 0.0002367
   219/299     2.66G   0.03787  0.004156 0.0006959   0.04272        58       320    0.8957    0.8315     0.833    0.2283    0.3528    0.0253  0.003945 0.0002331
   220/299     2.66G   0.03835  0.004129 0.0007042   0.04319        80       320    0.8965    0.8331    0.8347    0.2327     0.355   0.02524  0.003936 0.0002289
   221/299     2.66G   0.03809  0.004124 0.0007234   0.04293        80       320    0.8974    0.8337    0.8361    0.2332    0.3565   0.02517  0.003927 0.0002241
   222/299     2.66G   0.03831  0.004176 0.0007968   0.04328        77       320    0.8985    0.8357    0.8378    0.2359    0.3589   0.02511   0.00392 0.0002207
   223/299     2.66G   0.03836  0.004102 0.0006914   0.04316        65       320    0.9016    0.8352    0.8393    0.2389    0.3604   0.02506  0.003912 0.0002168
   224/299     2.66G   0.03775   0.00409  0.000682   0.04252        78       320    0.8986    0.8392    0.8413    0.2394    0.3616   0.02501  0.003904 0.0002131
   225/299     2.66G   0.03821  0.004059 0.0006825   0.04295        85       320    0.9029    0.8383     0.844    0.2418    0.3637   0.02494  0.003895 0.0002096
   226/299     2.66G   0.03712  0.004079 0.0006621   0.04186        81       320    0.9025    0.8405    0.8458    0.2451    0.3661   0.02488  0.003886 0.0002071
   227/299     2.66G   0.03816  0.004098 0.0006766   0.04294        85       320    0.8991    0.8434    0.8462    0.2484    0.3684   0.02482  0.003878 0.0002042
   228/299     2.66G   0.03807  0.004142  0.001387    0.0436        72       320    0.9004    0.8445    0.8478    0.2511    0.3699   0.02478  0.003871 0.0002015
   229/299     2.66G   0.03798  0.004138  0.000811   0.04293        86       320    0.9015    0.8469     0.849    0.2528    0.3711   0.02473  0.003864 0.0001993
   230/299     2.66G   0.04052  0.004524  0.002258   0.04731        81       320    0.9011    0.8453    0.8488    0.2539    0.3706   0.02476  0.003879 0.0002048
   231/299     2.66G   0.03914  0.004359  0.001818   0.04532        81       320    0.8973    0.8468    0.8485    0.2524    0.3711   0.02476  0.003888 0.0002067
   232/299     2.66G   0.03796  0.004269  0.001151   0.04338        71       320    0.8998    0.8455    0.8486     0.254    0.3718   0.02473  0.003887 0.0002047
   233/299     2.66G   0.03821   0.00416 0.0007507   0.04312        92       320    0.9012    0.8448    0.8491    0.2558    0.3728   0.02471  0.003883 0.0002005
   234/299     2.66G    0.0378  0.004127 0.0009986   0.04292        89       320    0.9003    0.8468    0.8502    0.2532    0.3736   0.02468  0.003877 0.0001964
   235/299     2.66G   0.03787  0.004112 0.0007302   0.04271        78       320    0.9008     0.848    0.8514    0.2538    0.3744   0.02465   0.00387 0.0001928
   236/299     2.66G   0.03781  0.004123 0.0007048   0.04264        81       320    0.9016    0.8477    0.8519    0.2553    0.3749   0.02462  0.003862 0.0001883
   237/299     2.66G   0.03775  0.004117 0.0006082   0.04248       104       320     0.903    0.8491    0.8535    0.2568    0.3761   0.02459  0.003855 0.0001844
   238/299     2.66G   0.03787  0.004126 0.0006293   0.04262        84       320    0.9062     0.848    0.8538    0.2568    0.3771   0.02456  0.003849 0.0001818
   239/299     2.66G   0.03819  0.004127 0.0006327   0.04295        90       320    0.9042    0.8508    0.8543    0.2595    0.3783   0.02452  0.003841 0.0001785
   240/299     2.66G   0.03713  0.004112 0.0006229   0.04186        84       320    0.9069     0.851    0.8564    0.2604    0.3797   0.02448  0.003834 0.0001755
   241/299     2.66G   0.03711  0.004059 0.0005197   0.04169        78       320    0.9071    0.8514    0.8565    0.2624    0.3809   0.02443  0.003826 0.0001724
   242/299     2.66G   0.03744  0.004064  0.000647   0.04215        80       320    0.9068    0.8523    0.8572    0.2648    0.3822   0.02439  0.003819 0.0001701
   243/299     2.66G   0.03728  0.004077 0.0006256   0.04198        67       320    0.9069    0.8533     0.858    0.2683    0.3831   0.02434  0.003812 0.0001677
   244/299     2.66G   0.03719  0.004073 0.0006454   0.04191        79       320    0.8999    0.8615    0.8596    0.2691    0.3842   0.02429  0.003804 0.0001654
   245/299     2.66G   0.03683  0.004115 0.0005274   0.04148        79       320    0.9003    0.8625    0.8598     0.271    0.3853   0.02425  0.003797 0.0001633
   246/299     2.66G   0.03647  0.004057 0.0005778    0.0411        90       320    0.9011    0.8626    0.8606    0.2742    0.3864   0.02422  0.003791 0.0001611
   247/299     2.66G   0.03674  0.004043 0.0005732   0.04135        68       320    0.9028    0.8639     0.862    0.2775    0.3877   0.02417  0.003785 0.0001591
   248/299     2.66G    0.0364  0.004066 0.0005775   0.04105        81       320    0.9047    0.8639    0.8632    0.2789    0.3886   0.02413  0.003778 0.0001567
   249/299     2.66G   0.03654  0.004045 0.0005237   0.04111        68       320    0.9071    0.8638    0.8654    0.2828      0.39    0.0241  0.003772 0.0001547
   250/299     2.66G   0.03766  0.004113  0.001419   0.04319        88       320    0.9074     0.864    0.8655    0.2843    0.3906   0.02407  0.003766 0.0001522
   251/299     2.66G    0.0365  0.004088 0.0008172    0.0414        86       320    0.9088    0.8638    0.8658    0.2863    0.3908   0.02404  0.003762 0.0001507
   252/299     2.66G   0.03651  0.004035 0.0006193   0.04116        84       320    0.9077    0.8645    0.8655    0.2878    0.3917   0.02401  0.003758 0.0001489
   253/299     2.66G   0.03704  0.004111 0.0009138   0.04206        80       320    0.9132    0.8608    0.8662    0.2885    0.3927   0.02398  0.003753 0.0001472
   254/299     2.66G   0.03708  0.004074 0.0007255   0.04188        78       320    0.9062    0.8672    0.8668    0.2919     0.394   0.02394  0.003748 0.0001451
   255/299     2.66G   0.03547  0.004025 0.0005362   0.04003        88       320    0.9056    0.8685    0.8675    0.2909    0.3948    0.0239  0.003743 0.0001433
   256/299     2.66G   0.03689   0.00406 0.0006577    0.0416        71       320     0.906    0.8712    0.8687    0.2929    0.3956   0.02386  0.003738 0.0001412
   257/299     2.66G   0.03679  0.004068 0.0005266   0.04138        84       320    0.9065    0.8717    0.8687    0.2949    0.3965   0.02382  0.003732 0.0001397
   258/299     2.66G   0.03696  0.004028 0.0005576   0.04154        75       320    0.9068    0.8724    0.8695    0.2949    0.3975   0.02378  0.003728 0.0001384
   259/299     2.66G   0.03602  0.004071 0.0005501   0.04064        79       320    0.9093    0.8725    0.8712    0.2978    0.3988   0.02375  0.003723 0.0001372
   260/299     2.66G   0.03676   0.00406 0.0005288   0.04135        97       320    0.9093    0.8709    0.8706    0.3004    0.4001   0.02371  0.003719 0.0001356
   261/299     2.66G   0.03635   0.00404 0.0005294   0.04092        84       320    0.9092    0.8719    0.8706    0.3008    0.4005   0.02368  0.003715 0.0001348
   262/299     2.66G   0.03671  0.004021 0.0005745    0.0413        84       320    0.9097    0.8721    0.8712    0.3012     0.401   0.02364  0.003711 0.0001338
   263/299     2.66G   0.03684  0.004084 0.0009766    0.0419        70       320    0.9102     0.872    0.8715    0.3006    0.4014   0.02361  0.003708 0.0001323
   264/299     2.66G   0.03684  0.004044 0.0006533   0.04153        87       320    0.9117    0.8709    0.8715    0.3026    0.4024   0.02358  0.003704 0.0001315
   265/299     2.66G   0.03616  0.004016 0.0006085   0.04079        83       320    0.9127    0.8705    0.8724    0.3025    0.4035   0.02355    0.0037 0.0001306
   266/299     2.66G   0.03645  0.004111 0.0008662   0.04143        90       320    0.9133    0.8714    0.8731    0.3067    0.4042   0.02352  0.003697 0.0001295
   267/299     2.66G   0.03653  0.004093  0.000625   0.04125        78       320    0.9129    0.8738    0.8748     0.306    0.4047    0.0235  0.003694 0.0001289
   268/299     2.66G   0.03595  0.004009  0.000607   0.04057        96       320    0.9133    0.8733    0.8746    0.3068    0.4051   0.02348   0.00369 0.0001281
   269/299     2.66G   0.03596  0.004002 0.0005379    0.0405        75       320    0.9145    0.8737    0.8753    0.3094    0.4063   0.02345  0.003686 0.0001271
   270/299     2.66G   0.03591  0.004054  0.001331   0.04129        62       320    0.9149    0.8748    0.8761    0.3103    0.4066   0.02342  0.003682 0.0001261
   271/299     2.66G   0.03827  0.004286  0.001844    0.0444        80       320    0.9116    0.8691    0.8696    0.2837    0.3925   0.02393   0.00371 0.0001397
   272/299     2.66G   0.03634  0.004101 0.0008045   0.04125        75       320    0.9001    0.8532    0.8488    0.2407    0.3634   0.02487  0.003766 0.0001827
   273/299     2.66G   0.03753  0.004268  0.001768   0.04357        75       320    0.8468    0.7974    0.7676    0.1555    0.2924   0.02735  0.003933  0.000456
   274/299     2.66G   0.03682  0.004112 0.0008571   0.04179        73       320    0.7838    0.7427    0.6979    0.1143    0.2463   0.02923  0.004068  0.001264
   275/299     2.66G   0.03692  0.004131  0.001085   0.04214        82       320     0.742    0.7108    0.6583   0.09535    0.2236   0.03016  0.004136  0.002209
   276/299     2.66G   0.03611  0.004089 0.0006054   0.04081        75       320    0.7216    0.6954    0.6374   0.08817    0.2128   0.03059  0.004166  0.002823
   277/299     2.66G   0.03601  0.004106 0.0006737   0.04079        75       320     0.715    0.6909    0.6317   0.08404    0.2091   0.03077  0.004178  0.003143
   278/299     2.66G   0.03634  0.004021 0.0005984   0.04095        85       320    0.7123    0.6882    0.6278   0.08393    0.2076   0.03079  0.004178  0.003277
   279/299     2.66G   0.03638  0.004069 0.0007236   0.04118        76       320     0.722    0.6835    0.6311   0.08539    0.2102   0.03069  0.004172   0.00322
   280/299     2.66G   0.03627  0.004007 0.0005903   0.04087        97       320    0.7194    0.6919    0.6353   0.08653    0.2124   0.03058  0.004163  0.003133
   281/299     2.66G   0.03568  0.004031 0.0005385   0.04025        83       320    0.7222    0.6923    0.6363   0.08627    0.2129   0.03055  0.004158  0.003055
   282/299     2.66G    0.0359  0.004029 0.0005226   0.04045        77       320    0.7249    0.7004    0.6409   0.08808    0.2156   0.03044  0.004149  0.002884
   283/299     2.66G   0.03586  0.003988 0.0005169   0.04036        76       320    0.7359    0.7029    0.6475   0.09073    0.2192   0.03029  0.004138    0.0027
   284/299     2.66G   0.03585  0.004006 0.0006126   0.04047        86       320    0.7392    0.7105     0.653   0.09425    0.2232   0.03013  0.004124  0.002521
   285/299     2.66G   0.03584  0.004011 0.0005298   0.04038        67       320    0.7582    0.7065    0.6632   0.09748    0.2288   0.02994  0.004111    0.0023
   286/299     2.66G   0.03597  0.004028 0.0004579   0.04046        88       320    0.7703    0.7103    0.6708    0.1007    0.2329   0.02977  0.004097  0.002096
   287/299     2.66G   0.03574  0.003993  0.000521   0.04025        73       320    0.7704    0.7225    0.6782    0.1062     0.239   0.02955  0.004081  0.001873
   288/299     2.66G   0.03587  0.004016 0.0005345   0.04042        81       320    0.7731      0.74    0.6907    0.1115    0.2451   0.02931  0.004064  0.001656
   289/299     2.66G   0.03766  0.004204  0.001902   0.04377        78       320    0.7843    0.7474    0.7036    0.1175    0.2529   0.02899  0.004045  0.001489
   290/299     2.66G   0.03566  0.004013 0.0005322   0.04021        88       320    0.7958    0.7515     0.713    0.1254    0.2587   0.02877  0.004029  0.001316
   291/299     2.66G   0.03641  0.004016 0.0005767     0.041        78       320    0.8048    0.7566    0.7193    0.1294    0.2643   0.02856  0.004013  0.001137
   292/299     2.66G   0.03579  0.004036 0.0005365   0.04036        97       320    0.8152    0.7631    0.7287    0.1345    0.2711   0.02833  0.003995 0.0009774
   293/299     2.66G   0.03486  0.003973 0.0005108   0.03934        71       320    0.8188    0.7736    0.7359    0.1414    0.2772   0.02811  0.003977 0.0008334
   294/299     2.66G    0.0358  0.003977 0.0005726   0.04035        86       320    0.8281    0.7774    0.7439     0.147     0.283   0.02791  0.003961 0.0007379
   295/299     2.66G   0.03515  0.004018 0.0005751   0.03974        84       320    0.8381    0.7833    0.7545    0.1566    0.2894   0.02765  0.003942  0.000645
   296/299     2.66G   0.03587   0.00399 0.0005407    0.0404        77       320    0.8479    0.7887    0.7654    0.1636    0.2969   0.02738  0.003923 0.0005518
   297/299     2.66G    0.0356  0.004017 0.0005546   0.04017        87       320    0.8534     0.798    0.7757     0.174    0.3039   0.02711  0.003903 0.0004765
   298/299     2.66G   0.03519  0.003963 0.0004562   0.03961        93       320    0.8633    0.8021    0.7851    0.1828    0.3099   0.02688  0.003886 0.0004174
   299/299     2.66G   0.03612   0.00405 0.0008198   0.04099        92       320    0.8673    0.8069    0.7911    0.1869    0.3151   0.02669  0.003872 0.0003701
